CAL30216.1	Scaffold10	33.462	260	122	2	847	1055	2419226	2418447	1.56e-29	129
CAL30216.1	Scaffold10	30.698	215	147	2	821	1033	1154392	1155036	2.60e-23	108
CAL30216.1	Scaffold10	31.250	256	117	5	767	971	2419190	2418447	3.96e-22	104
CAL30216.1	Scaffold10	31.674	221	129	5	820	1018	295961	296623	8.05e-22	103
CAL30216.1	Scaffold10	27.500	200	124	3	883	1061	2083245	2083844	1.13e-21	86.3
CAL30216.1	Scaffold10	27.848	79	36	1	825	882	2082949	2083185	1.13e-21	37.7
CAL30216.1	Scaffold10	28.646	192	116	3	841	1011	2083245	2083820	1.68e-19	92.0
CAL30216.1	Scaffold10	32.143	28	19	0	816	843	2083111	2083194	1.68e-19	24.6
CAL30216.1	Scaffold10	33.508	191	105	5	862	1030	295961	296533	4.37e-19	94.7
CAL30216.1	Scaffold10	36.364	132	80	1	893	1020	384335	383940	1.86e-15	82.8
CAL30216.1	Scaffold10	35.556	135	79	2	810	936	384344	383940	1.04e-14	80.1
CAL30216.1	Scaffold10	28.866	194	95	3	905	1055	374253	374834	3.13e-13	70.9
CAL30216.1	Scaffold10	48.000	25	13	0	875	899	374150	374224	3.13e-13	24.6
CAL30216.1	Scaffold10	31.609	174	97	5	904	1055	295961	296482	5.00e-13	74.7
CAL30216.1	Scaffold10	28.351	194	96	3	821	971	374253	374834	4.77e-12	71.2
CAL30216.1	Scaffold10	23.478	230	131	2	869	1053	1154155	1154844	1.32e-11	70.1
CAL30216.1	Scaffold10	34.400	125	78	1	935	1055	384335	383961	6.76e-11	67.8
CAL30216.1	Scaffold10	35.443	79	47	3	859	933	387443	387207	2.04e-09	47.0
CAL30216.1	Scaffold10	28.916	83	55	1	940	1018	387202	386954	2.04e-09	35.4
CAL30216.1	Scaffold10	33.588	131	77	3	767	894	384311	383940	3.11e-09	62.0
CAL30216.1	Scaffold10	37.500	64	36	1	975	1034	372394	372585	3.38e-09	46.6
CAL30216.1	Scaffold10	39.286	56	30	2	924	975	372230	372397	3.38e-09	35.0
CAL30216.1	Scaffold10	37.500	64	36	1	933	992	372394	372585	4.00e-09	48.9
CAL30216.1	Scaffold10	37.500	56	31	2	882	933	372230	372397	4.00e-09	32.7
CAL30216.1	Scaffold10	31.405	121	77	3	811	927	2083464	2083820	6.81e-08	57.8
CAL30216.1	Scaffold10	37.500	64	36	1	891	950	372394	372585	1.20e-07	47.8
CAL30216.1	Scaffold10	35.714	56	32	2	840	891	372230	372397	1.20e-07	28.5
CAL30216.1	Scaffold10	35.443	79	47	3	901	975	387443	387207	4.88e-07	43.9
CAL30216.1	Scaffold10	35.849	53	30	1	982	1030	387202	387044	4.88e-07	30.0
CAL30216.1	Scaffold10	33.333	78	48	3	818	891	387440	387207	6.00e-06	36.6
CAL30216.1	Scaffold10	28.916	83	55	1	898	976	387202	386954	6.00e-06	33.9
CAL30216.1	Scaffold10	35.897	78	50	0	933	1010	2749247	2749014	2.98e-05	48.9
CAL30216.1	Scaffold10	29.114	79	35	1	951	1008	2082949	2083185	8.62e-05	41.2
CAL30216.1	Scaffold10	24.390	41	31	0	911	951	2082764	2082886	8.62e-05	25.4
CAL30216.1	Scaffold10	25.806	155	72	3	818	929	374370	374834	1.12e-04	47.0
CAL30216.1	Scaffold10	33.333	78	52	0	815	892	296390	296623	1.20e-04	47.0
CAL30216.1	Scaffold10	37.500	64	36	1	849	908	372394	372585	1.67e-04	46.6
CAL30216.1	Scaffold10	35.000	80	52	0	891	970	2749247	2749008	2.74e-04	45.8
CAL30216.1	Scaffold10	36.250	80	51	0	849	928	2749247	2749008	4.61e-04	45.1
CAL30216.1	Scaffold10	35.714	70	45	0	815	884	2749223	2749014	0.001	43.9
CAL30216.1	Scaffold10	37.500	56	31	1	815	866	372418	372585	0.001	43.9
CAL30216.1	Scaffold10	41.071	56	33	0	975	1030	2749247	2749080	0.002	43.1
CAL30216.1	Scaffold10	38.462	39	24	0	1017	1055	372394	372510	0.002	33.1
CAL30216.1	Scaffold10	35.714	56	32	2	966	1017	372230	372397	0.002	28.5
CAL30216.1	Scaffold10	26.582	79	37	1	867	924	2082949	2083185	0.020	32.3
CAL30216.1	Scaffold10	24.390	41	31	0	827	867	2082764	2082886	0.020	25.4
CAL30216.1	Scaffold10	27.586	87	59	1	810	892	387214	386954	0.080	37.7
CAL30216.1	Scaffold10	29.577	142	79	7	943	1080	387443	387069	0.37	35.4
CAL30216.1	Scaffold10	37.255	51	31	1	991	1040	1726516	1726668	0.97	34.3
CAL30216.1	Scaffold10	30.120	83	54	1	856	934	387202	386954	1.7	33.5
CAL30216.1	Scaffold10	27.536	69	29	1	993	1040	2082949	2083155	4.4	25.0
CAL30216.1	Scaffold10	21.951	41	32	0	953	993	2082764	2082886	4.4	23.9
CAL30216.1	Scaffold10	32.911	79	45	4	865	936	1726516	1726749	6.1	31.6
CAL30216.1	Scaffold10	31.646	79	46	3	823	894	1726516	1726749	8.0	31.2
CAL30216.1	Scaffold10	37.209	43	25	1	841	881	1153791	1153919	9.1	25.8
CAL30216.1	Scaffold10	42.308	26	15	0	816	841	1153663	1153740	9.1	21.9
CAL30216.1	Scaffold02	31.933	238	138	3	806	1020	2373811	2374521	1.11e-25	116
CAL30216.1	Scaffold02	31.579	247	143	3	832	1055	2373769	2374500	3.55e-23	107
CAL30216.1	Scaffold02	24.390	164	123	1	890	1052	2191379	2191870	1.11e-20	63.2
CAL30216.1	Scaffold02	32.692	104	67	2	784	887	2191012	2191314	1.11e-20	57.4
CAL30216.1	Scaffold02	38.571	70	43	0	860	929	2191105	2191314	2.60e-19	60.1
CAL30216.1	Scaffold02	26.190	126	93	0	932	1057	2191379	2191756	2.60e-19	55.8
CAL30216.1	Scaffold02	28.448	232	128	7	839	1033	2959195	2958503	3.24e-16	85.1
CAL30216.1	Scaffold02	34.211	152	85	3	863	1004	5136100	5136540	4.72e-16	68.2
CAL30216.1	Scaffold02	33.333	51	34	0	1005	1055	5136528	5136680	4.72e-16	30.8
CAL30216.1	Scaffold02	48.000	25	13	0	833	857	5135997	5136071	4.72e-16	25.8
CAL30216.1	Scaffold02	36.567	134	81	3	859	988	288256	287855	5.50e-16	84.3
CAL30216.1	Scaffold02	35.714	98	42	1	861	937	2794189	2794482	1.13e-15	59.7
CAL30216.1	Scaffold02	35.849	53	34	0	972	1024	2794530	2794688	1.13e-15	43.9
CAL30216.1	Scaffold02	36.567	134	81	3	901	1030	288256	287855	6.38e-15	80.9
CAL30216.1	Scaffold02	30.833	120	61	2	797	895	2794126	2794482	1.87e-14	60.1
CAL30216.1	Scaffold02	39.535	43	26	0	898	940	2794560	2794688	1.87e-14	39.7
CAL30216.1	Scaffold02	26.056	142	99	2	817	953	3259953	3260375	1.02e-13	64.3
CAL30216.1	Scaffold02	31.915	47	32	0	954	1000	3260435	3260575	1.02e-13	32.7
CAL30216.1	Scaffold02	30.144	209	109	6	820	991	2959129	2958503	1.93e-13	75.9
CAL30216.1	Scaffold02	35.338	133	82	3	818	946	288253	287855	8.93e-13	73.9
CAL30216.1	Scaffold02	44.595	74	41	0	947	1020	5136100	5136321	2.68e-12	66.6
CAL30216.1	Scaffold02	48.000	25	13	0	917	941	5135997	5136071	2.68e-12	25.8
CAL30216.1	Scaffold02	23.605	233	149	4	814	1018	2191403	2192098	1.40e-11	69.7
CAL30216.1	Scaffold02	29.348	92	59	3	848	934	1350064	1350336	1.13e-10	46.6
CAL30216.1	Scaffold02	36.364	44	28	0	935	978	1350390	1350521	1.13e-10	40.0
CAL30216.1	Scaffold02	32.967	91	58	1	872	959	2795024	2795296	1.17e-10	67.0
CAL30216.1	Scaffold02	32.955	88	56	1	956	1040	2795024	2795287	3.13e-10	65.5
CAL30216.1	Scaffold02	44.595	74	41	0	821	894	5136100	5136321	3.86e-10	65.1
CAL30216.1	Scaffold02	31.868	91	59	1	914	1001	2795024	2795296	1.02e-09	63.5
CAL30216.1	Scaffold02	31.868	91	59	1	830	917	2795024	2795296	1.14e-09	63.5
CAL30216.1	Scaffold02	31.395	86	59	0	933	1018	5134240	5134497	1.48e-09	50.1
CAL30216.1	Scaffold02	37.500	56	31	2	882	933	5134076	5134243	1.48e-09	32.7
CAL30216.1	Scaffold02	29.524	105	72	1	916	1018	3260628	3260942	7.20e-09	43.1
CAL30216.1	Scaffold02	34.783	46	30	0	871	916	3260438	3260575	7.20e-09	37.4
CAL30216.1	Scaffold02	22.561	164	126	1	848	1010	2191379	2191870	1.46e-08	60.1
CAL30216.1	Scaffold02	37.143	70	44	0	902	971	2191105	2191314	2.21e-08	59.3
CAL30216.1	Scaffold02	40.816	49	29	0	975	1023	5134240	5134386	2.30e-08	43.9
CAL30216.1	Scaffold02	39.286	56	30	2	924	975	5134076	5134243	2.30e-08	35.0
CAL30216.1	Scaffold02	43.284	67	38	0	989	1055	5136100	5136300	4.40e-08	52.0
CAL30216.1	Scaffold02	48.000	25	13	0	959	983	5135997	5136071	4.40e-08	25.8
CAL30216.1	Scaffold02	25.517	145	84	2	901	1021	4190080	4190514	4.78e-08	58.2
CAL30216.1	Scaffold02	33.333	117	74	3	943	1055	288256	287906	7.86e-08	57.4
CAL30216.1	Scaffold02	31.395	86	59	0	891	976	5134240	5134497	9.40e-08	48.1
CAL30216.1	Scaffold02	35.714	56	32	2	840	891	5134076	5134243	9.40e-08	28.5
CAL30216.1	Scaffold02	25.153	163	102	3	817	959	2960092	2959604	1.06e-07	57.0
CAL30216.1	Scaffold02	33.673	98	44	1	903	979	2794189	2794482	1.37e-07	56.6
CAL30216.1	Scaffold02	41.379	58	34	0	986	1043	2191105	2191278	1.63e-07	56.6
CAL30216.1	Scaffold02	28.030	132	74	2	876	986	2960041	2959646	2.16e-07	56.2
CAL30216.1	Scaffold02	33.673	98	44	1	945	1021	2794189	2794482	3.66e-07	55.5
CAL30216.1	Scaffold02	22.222	180	123	3	865	1031	511526	512053	3.98e-07	55.1
CAL30216.1	Scaffold02	28.440	109	68	2	874	976	3260628	3260942	4.89e-07	40.8
CAL30216.1	Scaffold02	32.653	49	33	0	826	874	3260429	3260575	4.89e-07	33.1
CAL30216.1	Scaffold02	25.714	140	80	2	822	937	4190095	4190514	7.94e-07	54.3
CAL30216.1	Scaffold02	36.170	47	30	0	912	958	3260435	3260575	8.67e-07	38.5
CAL30216.1	Scaffold02	27.619	105	66	2	958	1056	3260628	3260930	8.67e-07	34.7
CAL30216.1	Scaffold02	26.519	181	101	4	816	964	2959003	2958461	8.71e-07	53.9
CAL30216.1	Scaffold02	24.113	141	101	2	902	1037	3259956	3260375	6.08e-06	51.2
CAL30216.1	Scaffold02	35.714	70	45	0	944	1013	2191105	2191314	7.01e-06	51.2
CAL30216.1	Scaffold02	21.978	182	121	5	823	989	511526	512053	7.62e-06	50.8
CAL30216.1	Scaffold02	25.547	137	78	2	943	1055	4190080	4190490	1.09e-05	50.4
CAL30216.1	Scaffold02	35.556	90	37	1	987	1055	2794189	2794458	1.74e-05	49.7
CAL30216.1	Scaffold02	32.877	73	47	2	932	1003	1350064	1350279	1.86e-05	49.7
CAL30216.1	Scaffold02	24.138	145	86	2	859	979	4190080	4190514	2.52e-05	49.3
CAL30216.1	Scaffold02	25.000	156	99	2	947	1084	2960080	2959613	2.81e-05	49.3
CAL30216.1	Scaffold02	22.881	118	86	1	944	1056	3259956	3260309	4.03e-05	48.5
CAL30216.1	Scaffold02	32.558	86	58	0	849	934	5134240	5134497	5.93e-05	48.1
CAL30216.1	Scaffold02	29.348	92	59	3	890	976	1350064	1350336	1.02e-04	47.4
CAL30216.1	Scaffold02	29.630	81	52	1	820	895	4190272	4190514	1.88e-04	46.2
CAL30216.1	Scaffold02	34.375	128	62	5	818	930	5136217	5136579	7.39e-04	44.3
CAL30216.1	Scaffold02	30.769	78	54	0	815	892	5134264	5134497	0.001	43.9
CAL30216.1	Scaffold02	24.348	230	139	11	820	1023	511643	512305	0.001	43.5
CAL30216.1	Scaffold02	38.462	39	24	0	1017	1055	5134240	5134356	0.002	33.1
CAL30216.1	Scaffold02	35.714	56	32	2	966	1017	5134076	5134243	0.002	28.5
CAL30216.1	Scaffold02	32.759	58	38	1	974	1030	1350064	1350237	0.002	43.1
CAL30216.1	Scaffold02	35.849	53	34	0	846	898	2794530	2794688	0.002	42.7
CAL30216.1	Scaffold02	30.769	78	50	2	834	907	1350647	1350880	0.003	42.7
CAL30216.1	Scaffold02	35.000	60	36	2	805	863	511880	512053	0.003	42.4
CAL30216.1	Scaffold02	32.258	62	41	1	816	877	1350097	1350279	0.004	42.0
CAL30216.1	Scaffold02	30.769	78	50	2	960	1033	1350647	1350880	0.005	41.6
CAL30216.1	Scaffold02	27.559	127	86	4	815	936	1422129	1422506	0.006	41.6
CAL30216.1	Scaffold02	30.769	78	50	2	876	949	1350647	1350880	0.007	41.2
CAL30216.1	Scaffold02	43.902	41	23	0	815	855	287998	287876	0.008	40.8
CAL30216.1	Scaffold02	34.848	66	43	0	827	892	3260745	3260942	0.008	40.8
CAL30216.1	Scaffold02	33.333	69	43	2	811	876	1350707	1350913	0.023	39.7
CAL30216.1	Scaffold02	27.869	61	44	0	847	907	2958500	2958318	0.026	39.3
CAL30216.1	Scaffold02	28.440	109	68	2	832	934	3260628	3260942	0.027	39.3
CAL30216.1	Scaffold02	25.926	81	48	2	914	982	3093314	3093072	0.031	38.9
CAL30216.1	Scaffold02	28.829	111	76	2	923	1030	4616590	4616922	0.036	38.9
CAL30216.1	Scaffold02	36.508	63	38	1	794	856	2794506	2794688	0.037	38.9
CAL30216.1	Scaffold02	23.134	134	91	5	904	1031	4187292	4187675	0.053	30.8
CAL30216.1	Scaffold02	29.167	72	44	3	815	883	4187072	4187275	0.053	25.4
CAL30216.1	Scaffold02	25.000	68	51	0	973	1040	2958500	2958297	0.056	38.1
CAL30216.1	Scaffold02	30.769	78	50	2	918	991	1350647	1350880	0.065	38.1
CAL30216.1	Scaffold02	27.160	81	47	2	830	898	3093314	3093072	0.094	37.4
CAL30216.1	Scaffold02	26.087	69	51	0	888	956	2958503	2958297	0.10	37.4
CAL30216.1	Scaffold02	31.250	48	33	0	818	865	2958461	2958318	0.17	36.6
CAL30216.1	Scaffold02	25.926	81	48	2	956	1024	3093314	3093072	0.27	35.8
CAL30216.1	Scaffold02	26.230	61	45	0	931	991	2958500	2958318	0.50	35.0
CAL30216.1	Scaffold02	34.091	44	29	0	997	1040	3260438	3260569	0.52	35.0
CAL30216.1	Scaffold02	21.311	244	140	7	862	1055	2959777	2959052	1.3	33.9
CAL30216.1	Scaffold02	27.027	111	78	2	839	946	4616590	4616922	1.5	33.5
CAL30216.1	Scaffold02	31.373	51	35	0	837	887	5136528	5136680	2.2	33.1
CAL30216.1	Scaffold02	31.373	51	35	0	921	971	5136528	5136680	3.0	32.7
CAL30216.1	Scaffold02	31.373	51	35	0	963	1013	5136528	5136680	5.0	32.0
CAL30216.1	Scaffold02	30.909	55	38	0	78	132	1569771	1569607	5.5	31.6
CAL30216.1	Scaffold02	28.947	38	27	0	819	856	3093185	3093072	6.4	31.6
CAL30216.1	Scaffold02	31.373	51	35	0	879	929	5136528	5136680	7.6	31.2
CAL30216.1	Scaffold03	32.353	238	139	5	815	1030	4809885	4809172	4.96e-25	114
CAL30216.1	Scaffold03	29.502	261	162	5	817	1055	4810005	4809223	1.42e-22	105
CAL30216.1	Scaffold03	31.169	231	135	6	812	1018	4809774	4809082	4.13e-22	104
CAL30216.1	Scaffold03	28.829	111	64	2	818	914	3168665	3168994	8.90e-16	43.5
CAL30216.1	Scaffold03	33.803	71	45	1	911	979	3169036	3169248	8.90e-16	40.0
CAL30216.1	Scaffold03	48.571	35	18	0	986	1020	3169332	3169436	8.90e-16	40.0
CAL30216.1	Scaffold03	27.778	198	132	5	802	989	3641388	3641978	2.78e-14	79.0
CAL30216.1	Scaffold03	28.800	125	74	2	839	949	3168602	3168973	1.16e-12	48.5
CAL30216.1	Scaffold03	36.111	72	44	1	952	1021	3169033	3169248	1.16e-12	44.7
CAL30216.1	Scaffold03	26.087	184	116	3	869	1032	3641157	3641708	1.56e-11	69.7
CAL30216.1	Scaffold03	24.194	186	112	3	864	1020	3167089	3167646	8.02e-10	63.9
CAL30216.1	Scaffold03	38.028	71	42	1	869	937	3169036	3169248	9.07e-10	46.6
CAL30216.1	Scaffold03	45.714	35	19	0	944	978	3169332	3169436	9.07e-10	37.4
CAL30216.1	Scaffold03	35.211	71	44	1	827	895	3169036	3169248	7.33e-09	42.7
CAL30216.1	Scaffold03	48.571	35	18	0	902	936	3169332	3169436	7.33e-09	37.7
CAL30216.1	Scaffold03	41.573	89	49	2	903	988	884462	884196	3.56e-08	58.5
CAL30216.1	Scaffold03	41.573	89	49	2	819	904	884462	884196	5.16e-08	58.2
CAL30216.1	Scaffold03	41.573	89	49	2	945	1030	884462	884196	9.70e-08	57.4
CAL30216.1	Scaffold03	40.449	89	50	2	861	946	884462	884196	3.95e-07	55.1
CAL30216.1	Scaffold03	33.333	78	45	2	814	884	4538312	4538545	1.03e-06	43.1
CAL30216.1	Scaffold03	33.333	63	35	2	885	941	4538599	4538784	1.03e-06	29.6
CAL30216.1	Scaffold03	24.599	187	106	4	889	1043	3168452	3169003	1.24e-06	53.5
CAL30216.1	Scaffold03	31.683	101	62	2	917	1010	4538243	4538545	1.42e-06	48.5
CAL30216.1	Scaffold03	37.500	24	15	0	1011	1034	4538599	4538670	1.42e-06	23.9
CAL30216.1	Scaffold03	30.508	118	76	2	865	976	4491834	4492187	6.85e-04	44.7
CAL30216.1	Scaffold03	45.000	60	32	1	923	981	4564075	4564254	0.001	43.5
CAL30216.1	Scaffold03	45.000	60	32	1	881	939	4564075	4564254	0.002	43.1
CAL30216.1	Scaffold03	32.673	101	61	2	833	926	4538243	4538545	0.002	43.1
CAL30216.1	Scaffold03	45.000	60	32	1	965	1023	4564075	4564254	0.002	42.7
CAL30216.1	Scaffold03	45.000	60	32	1	839	897	4564075	4564254	0.004	42.4
CAL30216.1	Scaffold03	24.306	144	105	2	919	1059	3595571	3595143	0.004	42.0
CAL30216.1	Scaffold03	41.667	48	28	0	815	862	884339	884196	0.004	42.0
CAL30216.1	Scaffold03	31.633	98	61	2	927	1018	4491894	4492187	0.016	40.0
CAL30216.1	Scaffold03	48.571	35	18	0	818	852	3169332	3169436	0.024	39.3
CAL30216.1	Scaffold03	30.137	73	51	0	835	907	3595571	3595353	0.032	38.9
CAL30216.1	Scaffold03	48.571	35	18	0	860	894	3169332	3169436	0.045	38.5
CAL30216.1	Scaffold03	30.882	68	47	0	990	1057	3167089	3167292	0.047	38.5
CAL30216.1	Scaffold03	30.137	73	51	0	877	949	3595571	3595353	0.057	38.1
CAL30216.1	Scaffold03	39.216	51	31	0	995	1045	3169036	3169188	0.075	37.7
CAL30216.1	Scaffold03	42.593	54	28	2	987	1037	884462	884301	0.089	37.7
CAL30216.1	Scaffold03	42.222	45	26	0	812	856	3347432	3347566	0.11	37.4
CAL30216.1	Scaffold03	34.211	76	44	2	871	940	3347339	3347566	0.35	35.4
CAL30216.1	Scaffold03	26.506	83	58	2	948	1027	3682947	3682699	0.41	35.4
CAL30216.1	Scaffold03	33.333	78	46	2	827	898	3347333	3347566	0.53	35.0
CAL30216.1	Scaffold03	32.051	78	47	2	911	982	3347333	3347566	0.73	34.7
CAL30216.1	Scaffold03	32.911	79	47	2	820	892	4491951	4492187	1.2	33.9
CAL30216.1	Scaffold03	42.308	52	29	1	974	1024	3347411	3347566	1.4	33.5
CAL30216.1	Scaffold03	40.476	42	25	0	814	855	4564129	4564254	2.4	32.7
CAL30216.1	Scaffold03	33.333	45	28	1	812	856	2032773	2032901	4.6	32.0
CAL30216.1	Scaffold03	25.301	83	59	2	864	943	3682947	3682699	5.2	31.6
CAL30216.1	Scaffold03	27.273	88	54	2	868	947	2283708	2283451	5.3	31.6
CAL30216.1	Scaffold03	35.294	34	22	0	949	982	2032800	2032901	9.9	30.8
CAL30216.1	Scaffold01	34.389	221	104	7	856	1040	2572773	2572126	2.95e-22	105
CAL30216.1	Scaffold01	35.519	183	101	6	818	1000	2572617	2572120	1.60e-19	95.9
CAL30216.1	Scaffold01	29.730	222	126	7	820	1020	2826242	2825604	5.33e-17	87.8
CAL30216.1	Scaffold01	31.858	113	57	2	881	973	3009370	3009032	1.62e-16	51.2
CAL30216.1	Scaffold01	43.548	62	33	1	818	879	3009614	3009435	1.62e-16	50.1
CAL30216.1	Scaffold01	30.556	36	25	0	973	1008	3008982	3008875	1.62e-16	24.6
CAL30216.1	Scaffold01	33.333	96	46	1	964	1041	3008770	3008483	1.73e-16	56.6
CAL30216.1	Scaffold01	29.213	89	44	1	818	887	3009304	3009038	1.73e-16	43.5
CAL30216.1	Scaffold01	30.556	36	25	0	889	924	3008982	3008875	1.73e-16	25.4
CAL30216.1	Scaffold01	45.161	62	32	1	902	963	3009614	3009435	2.82e-15	52.8
CAL30216.1	Scaffold01	31.532	111	56	2	965	1055	3009370	3009038	2.82e-15	49.7
CAL30216.1	Scaffold01	37.864	103	53	5	820	921	3009713	3009435	3.90e-15	52.8
CAL30216.1	Scaffold01	30.631	111	57	2	923	1013	3009370	3009038	3.90e-15	49.3
CAL30216.1	Scaffold01	30.909	165	92	5	820	962	4124615	4125109	1.01e-14	74.3
CAL30216.1	Scaffold01	29.825	57	40	0	962	1018	4125096	4125266	1.01e-14	26.2
CAL30216.1	Scaffold01	29.381	194	107	7	833	1004	4124552	4125109	1.22e-13	70.9
CAL30216.1	Scaffold01	48.148	27	14	0	1004	1030	4125096	4125176	1.22e-13	26.2
CAL30216.1	Scaffold01	31.579	171	93	4	904	1056	2826242	2825748	2.66e-13	75.5
CAL30216.1	Scaffold01	27.586	116	83	1	875	990	403628	403972	5.38e-13	57.4
CAL30216.1	Scaffold01	42.857	42	24	0	989	1030	404017	404142	5.38e-13	37.4
CAL30216.1	Scaffold01	27.437	277	162	7	805	1055	2572329	2571538	6.85e-12	70.9
CAL30216.1	Scaffold01	29.114	158	76	2	880	1019	3008770	3008351	1.12e-11	64.3
CAL30216.1	Scaffold01	30.556	36	25	0	847	882	3008982	3008875	1.12e-11	24.3
CAL30216.1	Scaffold01	36.667	30	19	0	818	847	3009121	3009032	1.12e-11	20.8
CAL30216.1	Scaffold01	41.000	100	51	3	841	938	2571792	2571511	1.20e-10	66.6
CAL30216.1	Scaffold01	40.000	100	52	3	883	980	2571792	2571511	1.36e-10	66.6
CAL30216.1	Scaffold01	30.172	116	60	2	839	935	2826747	2826406	1.47e-10	66.6
CAL30216.1	Scaffold01	29.697	165	94	5	904	1046	4124615	4125109	1.95e-10	66.2
CAL30216.1	Scaffold01	29.114	158	76	2	838	977	3008770	3008351	5.27e-10	64.7
CAL30216.1	Scaffold01	37.662	77	46	1	965	1041	2826747	2826523	7.19e-10	64.3
CAL30216.1	Scaffold01	29.885	87	60	1	820	906	403715	403972	9.89e-10	45.8
CAL30216.1	Scaffold01	42.857	42	24	0	905	946	404017	404142	9.89e-10	37.4
CAL30216.1	Scaffold01	23.875	289	146	8	819	1033	2636916	2637782	2.76e-09	62.4
CAL30216.1	Scaffold01	39.796	98	55	2	925	1022	2571792	2571511	3.21e-09	62.0
CAL30216.1	Scaffold01	29.310	232	140	7	823	1037	2724092	2723418	4.31e-09	61.6
CAL30216.1	Scaffold01	28.448	116	62	2	881	977	2826747	2826406	8.46e-09	60.8
CAL30216.1	Scaffold01	28.448	116	82	1	917	1032	403628	403972	4.84e-08	56.6
CAL30216.1	Scaffold01	42.308	26	15	0	1031	1056	404017	404094	4.84e-08	21.2
CAL30216.1	Scaffold01	30.973	113	58	2	839	931	3009370	3009032	1.56e-07	50.8
CAL30216.1	Scaffold01	30.556	36	25	0	931	966	3008982	3008875	1.56e-07	25.0
CAL30216.1	Scaffold01	30.702	114	61	1	822	935	3008638	3008351	2.62e-06	52.4
CAL30216.1	Scaffold01	23.392	342	156	8	820	1055	2636694	2637719	3.00e-06	52.4
CAL30216.1	Scaffold01	43.548	62	33	1	944	1005	3009614	3009435	1.43e-05	50.1
CAL30216.1	Scaffold01	22.263	274	144	6	817	1022	2637069	2637887	1.63e-05	50.1
CAL30216.1	Scaffold01	37.681	69	43	0	986	1054	3009614	3009408	5.19e-05	48.1
CAL30216.1	Scaffold01	41.026	78	42	2	819	896	2571732	2571511	1.03e-04	47.4
CAL30216.1	Scaffold01	35.088	57	34	1	873	926	1970976	1970806	1.36e-04	37.4
CAL30216.1	Scaffold01	32.353	34	23	0	927	960	1970743	1970642	1.36e-04	28.5
CAL30216.1	Scaffold01	40.816	49	29	0	933	981	3042470	3042324	1.88e-04	46.2
CAL30216.1	Scaffold01	40.816	49	29	0	891	939	3042470	3042324	3.24e-04	45.4
CAL30216.1	Scaffold01	43.860	57	30	2	887	941	2250136	2250306	5.41e-04	45.1
CAL30216.1	Scaffold01	40.816	49	29	0	975	1023	3042470	3042324	5.65e-04	44.7
CAL30216.1	Scaffold01	40.816	49	29	0	849	897	3042470	3042324	6.62e-04	44.7
CAL30216.1	Scaffold01	23.308	133	82	3	826	939	3502712	3502317	0.001	43.5
CAL30216.1	Scaffold01	43.902	41	23	0	815	855	3042446	3042324	0.003	42.4
CAL30216.1	Scaffold01	33.333	57	35	1	957	1010	1970976	1970806	0.006	35.8
CAL30216.1	Scaffold01	33.333	24	16	0	1010	1033	1970746	1970675	0.006	23.9
CAL30216.1	Scaffold01	33.333	57	35	1	831	884	1970976	1970806	0.007	34.3
CAL30216.1	Scaffold01	28.571	35	25	0	884	918	1970746	1970642	0.007	25.0
CAL30216.1	Scaffold01	48.485	33	17	0	820	852	1971730	1971632	0.011	40.4
CAL30216.1	Scaffold01	42.857	42	24	0	947	988	404017	404142	0.031	38.9
CAL30216.1	Scaffold01	27.344	128	74	4	851	969	1644134	1643781	0.042	38.5
CAL30216.1	Scaffold01	48.485	33	17	0	946	978	1971730	1971632	0.049	38.5
CAL30216.1	Scaffold01	40.351	57	32	2	971	1025	2250136	2250306	0.051	38.5
CAL30216.1	Scaffold01	40.351	57	32	2	845	899	2250136	2250306	0.072	37.7
CAL30216.1	Scaffold01	27.907	86	57	2	816	896	2637630	2637887	0.073	37.7
CAL30216.1	Scaffold01	40.476	42	25	0	821	862	404017	404142	0.098	37.4
CAL30216.1	Scaffold01	27.778	126	86	4	893	1016	1644134	1643766	0.11	37.4
CAL30216.1	Scaffold01	50.000	42	19	2	818	857	2250181	2250306	0.12	37.0
CAL30216.1	Scaffold01	29.825	57	37	1	915	968	1970976	1970806	0.14	27.7
CAL30216.1	Scaffold01	31.429	35	24	0	968	1002	1970746	1970642	0.14	26.9
CAL30216.1	Scaffold01	48.485	33	17	0	904	936	1971730	1971632	0.15	37.0
CAL30216.1	Scaffold01	42.857	42	24	0	863	904	404017	404142	0.16	36.6
CAL30216.1	Scaffold01	48.485	33	17	0	862	894	1971730	1971632	0.16	36.6
CAL30216.1	Scaffold01	48.485	33	17	0	988	1020	1971730	1971632	0.17	36.6
CAL30216.1	Scaffold01	24.719	89	49	1	954	1024	3502706	3502440	0.53	35.0
CAL30216.1	Scaffold01	38.462	39	24	0	1017	1055	3042470	3042354	1.1	33.9
CAL30216.1	Scaffold01	35.417	48	29	2	974	1021	3061163	3061026	1.2	33.9
CAL30216.1	Scaffold01	51.852	27	13	0	817	843	1643861	1643781	1.2	33.9
CAL30216.1	Scaffold01	31.707	82	49	3	815	890	1644008	1643766	1.2	33.9
CAL30216.1	Scaffold01	28.916	83	40	1	869	932	2993684	2993436	1.3	33.9
CAL30216.1	Scaffold01	31.429	35	24	0	842	876	1970746	1970642	1.7	27.3
CAL30216.1	Scaffold01	40.000	25	15	0	818	842	1970880	1970806	1.7	23.1
CAL30216.1	Scaffold01	33.333	45	30	0	937	981	2249258	2249392	2.2	33.1
CAL30216.1	Scaffold01	42.222	45	24	2	1013	1055	2250136	2250270	2.8	32.7
CAL30216.1	Scaffold01	26.000	100	55	1	810	890	2993735	2993436	4.5	32.0
CAL30216.1	Scaffold01	33.333	45	30	0	895	939	2249258	2249392	4.5	32.0
CAL30216.1	Scaffold01	30.952	42	29	0	814	855	2249267	2249392	6.3	31.6
CAL30216.1	Scaffold04	31.844	179	112	3	816	984	2950310	2949774	4.24e-20	97.8
CAL30216.1	Scaffold04	38.636	132	77	1	893	1020	4516546	4516151	1.39e-17	89.7
CAL30216.1	Scaffold04	27.429	175	109	2	887	1053	2354295	2354789	3.47e-17	61.6
CAL30216.1	Scaffold04	37.143	70	44	0	820	889	2354039	2354248	3.47e-17	47.4
CAL30216.1	Scaffold04	38.095	84	49	2	958	1038	3463733	3463482	7.48e-17	63.9
CAL30216.1	Scaffold04	24.806	129	59	2	856	946	3464239	3463853	7.48e-17	43.9
CAL30216.1	Scaffold04	39.516	124	71	1	817	936	4516522	4516151	1.25e-16	86.7
CAL30216.1	Scaffold04	29.609	179	116	3	858	1026	2950310	2949774	2.58e-16	85.5
CAL30216.1	Scaffold04	25.490	255	147	6	836	1055	1275742	1275002	5.45e-16	84.3
CAL30216.1	Scaffold04	28.440	218	137	4	820	1018	128493	127840	6.03e-16	84.3
CAL30216.1	Scaffold04	34.167	120	60	3	817	936	3464615	3464313	6.08e-16	59.7
CAL30216.1	Scaffold04	25.581	172	80	6	940	1068	3464239	3463739	6.08e-16	45.1
CAL30216.1	Scaffold04	33.103	145	91	2	900	1038	2950310	2949876	1.24e-15	83.2
CAL30216.1	Scaffold04	25.279	269	158	6	816	1049	1275676	1274894	3.80e-14	78.2
CAL30216.1	Scaffold04	28.070	171	96	2	872	1015	2353736	2354248	1.39e-13	66.2
CAL30216.1	Scaffold04	32.558	43	29	0	1013	1055	2354295	2354423	1.39e-13	30.4
CAL30216.1	Scaffold04	36.800	125	75	1	935	1055	4516546	4516172	4.75e-13	74.7
CAL30216.1	Scaffold04	40.000	110	63	2	924	1030	128259	127930	5.72e-13	74.3
CAL30216.1	Scaffold04	36.975	119	72	2	819	934	128196	127840	1.14e-11	70.1
CAL30216.1	Scaffold04	34.109	129	79	5	857	981	1348863	1348483	1.91e-11	69.3
CAL30216.1	Scaffold04	33.663	101	66	1	942	1041	2950310	2950008	3.51e-11	68.6
CAL30216.1	Scaffold04	36.364	132	72	4	767	894	4516522	4516151	1.45e-10	66.6
CAL30216.1	Scaffold04	34.109	129	79	5	899	1023	1348863	1348483	3.52e-10	65.1
CAL30216.1	Scaffold04	26.380	163	118	1	849	1011	2354307	2354789	2.26e-09	62.8
CAL30216.1	Scaffold04	28.313	166	92	2	914	1052	2353736	2354233	2.96e-09	62.4
CAL30216.1	Scaffold04	37.349	83	49	2	874	953	3463733	3463485	3.53e-09	62.0
CAL30216.1	Scaffold04	28.324	173	101	5	904	1055	128493	127981	5.46e-09	61.2
CAL30216.1	Scaffold04	37.037	81	48	2	832	909	3463733	3463491	6.74e-09	60.8
CAL30216.1	Scaffold04	27.219	169	96	2	827	968	2353727	2354233	7.33e-09	60.8
CAL30216.1	Scaffold04	30.201	149	76	3	898	1024	2949729	2949301	2.40e-08	59.3
CAL30216.1	Scaffold04	35.135	111	67	4	941	1047	1348863	1348534	4.04e-08	58.5
CAL30216.1	Scaffold04	30.088	113	71	1	822	926	2353895	2354233	1.44e-06	53.5
CAL30216.1	Scaffold04	27.619	105	74	2	951	1054	3646293	3646604	2.21e-06	39.7
CAL30216.1	Scaffold04	45.161	31	16	1	907	936	3646096	3646188	2.21e-06	32.0
CAL30216.1	Scaffold04	28.289	152	103	2	820	969	2354346	2354789	2.51e-06	52.4
CAL30216.1	Scaffold04	34.000	100	43	1	902	978	3464612	3464313	4.88e-06	51.6
CAL30216.1	Scaffold04	25.000	264	127	8	818	1018	2949717	2948950	7.37e-06	50.8
CAL30216.1	Scaffold04	34.000	100	43	1	944	1020	3464612	3464313	1.35e-05	50.1
CAL30216.1	Scaffold04	36.585	82	48	3	819	897	1348725	1348483	2.24e-05	49.3
CAL30216.1	Scaffold04	35.897	78	50	0	933	1010	2670678	2670445	6.96e-05	47.8
CAL30216.1	Scaffold04	41.071	56	33	0	975	1030	2670678	2670511	2.32e-04	46.2
CAL30216.1	Scaffold04	32.394	71	48	0	933	1003	4518471	4518259	2.61e-04	45.8
CAL30216.1	Scaffold04	41.071	56	33	0	891	946	2670678	2670511	6.35e-04	44.7
CAL30216.1	Scaffold04	40.816	49	29	0	891	939	4518471	4518325	8.31e-04	44.3
CAL30216.1	Scaffold04	34.409	93	57	1	849	941	2670678	2670412	8.38e-04	44.3
CAL30216.1	Scaffold04	25.600	125	55	2	818	904	3464227	3463853	0.001	43.9
CAL30216.1	Scaffold04	30.380	79	55	0	814	892	128076	127840	0.001	43.5
CAL30216.1	Scaffold04	40.816	49	29	0	975	1023	4518471	4518325	0.002	42.7
CAL30216.1	Scaffold04	35.714	70	45	0	815	884	2670654	2670445	0.003	42.7
CAL30216.1	Scaffold04	40.816	49	29	0	849	897	4518471	4518325	0.003	42.4
CAL30216.1	Scaffold04	24.812	133	73	2	952	1057	2353724	2354122	0.008	41.2
CAL30216.1	Scaffold04	29.474	95	66	1	876	969	3646317	3646601	0.013	40.4
CAL30216.1	Scaffold04	29.167	72	51	0	918	989	3646317	3646532	0.022	39.7
CAL30216.1	Scaffold04	41.463	41	24	0	815	855	4518447	4518325	0.035	38.9
CAL30216.1	Scaffold04	29.630	81	56	1	825	905	3646293	3646532	0.037	38.9
CAL30216.1	Scaffold04	36.364	55	32	2	816	867	3463655	3463491	0.049	38.5
CAL30216.1	Scaffold04	31.579	76	50	2	812	886	3646380	3646604	0.077	37.7
CAL30216.1	Scaffold04	48.387	31	15	1	823	852	3646096	3646188	0.70	34.7
CAL30216.1	Scaffold04	38.462	39	24	0	1017	1055	4518471	4518355	0.70	34.7
CAL30216.1	Scaffold04	33.333	63	39	2	929	988	4555381	4555569	1.4	33.5
CAL30216.1	Scaffold04	33.333	63	39	2	887	946	4555381	4555569	1.6	33.5
CAL30216.1	Scaffold04	45.161	31	16	1	991	1020	3646096	3646188	6.9	31.2
CAL30216.1	Scaffold04	45.161	31	16	1	865	894	3646096	3646188	7.6	31.2
CAL30216.1	Scaffold06	34.000	100	63	2	923	1019	1594481	1594780	7.68e-19	68.2
CAL30216.1	Scaffold06	36.923	65	39	1	843	907	1594198	1594386	7.68e-19	46.2
CAL30216.1	Scaffold06	36.486	74	46	1	965	1037	1594481	1594702	3.29e-18	62.8
CAL30216.1	Scaffold06	38.462	65	38	1	885	949	1594198	1594386	3.29e-18	49.7
CAL30216.1	Scaffold06	33.537	164	105	3	859	1018	2155155	2154664	3.51e-18	91.7
CAL30216.1	Scaffold06	38.636	132	77	1	893	1020	2525092	2525487	3.38e-17	88.2
CAL30216.1	Scaffold06	39.516	124	71	1	817	936	2525116	2525487	3.46e-16	85.1
CAL30216.1	Scaffold06	37.313	134	80	3	901	1030	2155155	2154754	6.45e-16	84.0
CAL30216.1	Scaffold06	36.709	79	49	1	881	958	1594481	1594717	2.18e-15	63.9
CAL30216.1	Scaffold06	41.667	48	26	1	818	865	1594249	1594386	2.18e-15	38.9
CAL30216.1	Scaffold06	36.090	133	81	3	818	946	2155152	2154754	6.97e-14	77.4
CAL30216.1	Scaffold06	33.553	152	86	3	863	1004	1096447	1096887	1.08e-13	66.2
CAL30216.1	Scaffold06	33.333	51	34	0	1005	1055	1096875	1097027	1.08e-13	30.8
CAL30216.1	Scaffold06	40.000	65	37	1	927	991	1594198	1594386	4.04e-13	52.0
CAL30216.1	Scaffold06	38.776	49	30	0	1007	1055	1594481	1594627	4.04e-13	43.1
CAL30216.1	Scaffold06	36.800	125	75	1	935	1055	2525092	2525466	9.80e-13	73.6
CAL30216.1	Scaffold06	36.975	119	72	2	819	934	2155020	2154664	2.34e-11	69.3
CAL30216.1	Scaffold06	32.051	78	53	0	941	1018	2523348	2523581	1.08e-10	44.3
CAL30216.1	Scaffold06	23.810	147	88	5	788	914	2522834	2523262	1.08e-10	36.2
CAL30216.1	Scaffold06	40.741	27	14	1	912	936	2523256	2523336	1.08e-10	25.0
CAL30216.1	Scaffold06	24.000	200	87	3	847	982	290550	289954	1.19e-10	66.6
CAL30216.1	Scaffold06	40.741	54	32	0	812	865	291463	291302	1.79e-10	44.7
CAL30216.1	Scaffold06	40.323	62	36	1	879	939	291203	291018	1.79e-10	41.2
CAL30216.1	Scaffold06	36.364	132	72	4	767	894	2525116	2525487	2.80e-10	65.5
CAL30216.1	Scaffold06	43.243	74	42	0	947	1020	1096447	1096668	4.23e-10	65.1
CAL30216.1	Scaffold06	36.709	79	49	1	839	916	1594481	1594717	5.92e-10	64.7
CAL30216.1	Scaffold06	40.323	62	36	1	921	981	291203	291018	9.66e-10	42.0
CAL30216.1	Scaffold06	30.233	86	60	0	840	925	291505	291248	9.66e-10	41.6
CAL30216.1	Scaffold06	43.243	74	42	0	821	894	1096447	1096668	1.16e-09	63.5
CAL30216.1	Scaffold06	35.294	68	44	0	882	949	291505	291302	2.96e-09	42.0
CAL30216.1	Scaffold06	40.323	62	36	1	963	1023	291203	291018	2.96e-09	39.7
CAL30216.1	Scaffold06	34.188	117	73	3	943	1055	2155155	2154805	1.80e-08	59.7
CAL30216.1	Scaffold06	29.371	143	94	4	839	979	2235657	2235244	1.96e-08	59.7
CAL30216.1	Scaffold06	24.457	184	83	4	889	1033	290550	290050	2.40e-08	59.3
CAL30216.1	Scaffold06	46.341	41	22	0	983	1023	2523348	2523470	5.43e-08	39.3
CAL30216.1	Scaffold06	31.034	58	38	2	901	956	2523089	2523262	5.43e-08	31.6
CAL30216.1	Scaffold06	40.741	27	14	1	954	978	2523256	2523336	5.43e-08	25.4
CAL30216.1	Scaffold06	29.008	131	89	3	893	1021	2235630	2235244	6.64e-08	57.8
CAL30216.1	Scaffold06	43.056	72	37	2	819	886	1080965	1081180	4.63e-07	55.1
CAL30216.1	Scaffold06	26.829	123	56	3	919	1009	1593780	1594142	4.70e-07	40.0
CAL30216.1	Scaffold06	40.476	42	25	0	1011	1052	1594198	1594323	4.70e-07	34.3
CAL30216.1	Scaffold06	23.837	172	117	2	821	978	1508344	1508859	5.77e-07	54.7
CAL30216.1	Scaffold06	26.016	123	70	2	838	940	290319	289954	6.12e-07	54.7
CAL30216.1	Scaffold06	35.065	77	49	1	822	898	290181	289954	7.42e-07	54.3
CAL30216.1	Scaffold06	43.478	69	35	2	903	967	1080965	1081171	7.94e-07	54.3
CAL30216.1	Scaffold06	43.056	72	37	2	945	1012	1080965	1081180	8.93e-07	53.9
CAL30216.1	Scaffold06	27.049	122	87	1	817	936	1508494	1508859	2.11e-06	52.8
CAL30216.1	Scaffold06	27.679	112	78	2	827	937	2235573	2235244	2.16e-06	52.8
CAL30216.1	Scaffold06	43.284	67	38	0	989	1055	1096447	1096647	2.76e-06	52.4
CAL30216.1	Scaffold06	33.333	78	52	0	857	934	2523348	2523581	3.71e-05	42.7
CAL30216.1	Scaffold06	36.842	38	16	2	823	852	2523223	2523336	3.71e-05	25.0
CAL30216.1	Scaffold06	29.412	136	89	4	923	1056	2235657	2235265	5.93e-05	48.1
CAL30216.1	Scaffold06	40.580	69	37	2	861	925	1080965	1081171	1.11e-04	47.0
CAL30216.1	Scaffold06	36.923	65	39	1	969	1033	1594198	1594386	1.14e-04	47.0
CAL30216.1	Scaffold06	33.333	78	52	0	815	892	2154897	2154664	1.40e-04	47.0
CAL30216.1	Scaffold06	32.051	78	53	0	899	976	2523348	2523581	2.89e-04	42.4
CAL30216.1	Scaffold06	38.462	26	14	1	871	894	2523259	2523336	2.89e-04	21.9
CAL30216.1	Scaffold06	30.864	81	53	2	816	893	1594538	1594780	2.98e-04	45.8
CAL30216.1	Scaffold06	21.818	165	115	2	905	1055	1508344	1508838	8.10e-04	44.3
CAL30216.1	Scaffold06	40.580	69	37	2	987	1051	1080965	1081171	0.001	43.9
CAL30216.1	Scaffold06	35.000	80	39	2	826	894	1593759	1593992	0.001	43.5
CAL30216.1	Scaffold06	30.769	78	54	0	815	892	2523348	2523581	0.002	43.1
CAL30216.1	Scaffold06	48.936	47	23	1	809	855	291155	291018	0.002	42.7
CAL30216.1	Scaffold06	33.594	128	63	5	818	930	1096564	1096926	0.003	42.4
CAL30216.1	Scaffold06	33.803	71	36	1	961	1020	1593780	1593992	0.006	41.2
CAL30216.1	Scaffold06	35.294	68	44	0	966	1033	291505	291302	0.007	41.2
CAL30216.1	Scaffold06	24.868	189	104	8	878	1030	363512	362952	0.009	40.8
CAL30216.1	Scaffold06	29.213	89	54	2	904	983	1688809	1688543	0.011	40.4
CAL30216.1	Scaffold06	29.114	79	50	1	820	892	1688809	1688573	0.014	40.4
CAL30216.1	Scaffold06	33.824	68	45	0	924	991	291505	291302	0.016	40.0
CAL30216.1	Scaffold06	40.323	62	36	1	837	897	291203	291018	0.021	39.7
CAL30216.1	Scaffold06	38.776	49	30	0	977	1025	1090992	1091138	0.023	39.7
CAL30216.1	Scaffold06	46.512	43	21	1	995	1037	1593762	1593884	0.027	39.3
CAL30216.1	Scaffold06	28.090	89	55	2	862	941	1688809	1688543	0.039	38.9
CAL30216.1	Scaffold06	23.364	107	63	3	904	991	2522918	2523238	0.12	30.8
CAL30216.1	Scaffold06	41.935	31	18	0	1025	1055	2523348	2523440	0.12	24.3
CAL30216.1	Scaffold06	29.204	113	67	3	949	1055	1688905	1688588	0.13	37.0
CAL30216.1	Scaffold06	37.255	51	28	1	811	857	1090986	1091138	0.14	37.0
CAL30216.1	Scaffold06	36.735	49	31	0	935	983	1090992	1091138	0.19	36.6
CAL30216.1	Scaffold06	36.735	49	31	0	851	899	1090992	1091138	0.21	36.2
CAL30216.1	Scaffold06	36.735	49	31	0	893	941	1090992	1091138	0.36	35.4
CAL30216.1	Scaffold06	38.235	34	21	0	820	853	2235345	2235244	1.1	33.9
CAL30216.1	Scaffold06	38.235	34	21	0	820	853	800491	800390	2.1	33.1
CAL30216.1	Scaffold06	35.897	39	25	0	941	979	800506	800390	2.2	33.1
CAL30216.1	Scaffold06	31.373	51	35	0	837	887	1096875	1097027	2.2	33.1
CAL30216.1	Scaffold06	35.897	39	25	0	899	937	800506	800390	2.8	32.7
CAL30216.1	Scaffold06	31.373	51	35	0	921	971	1096875	1097027	3.0	32.7
CAL30216.1	Scaffold06	25.581	43	32	0	889	931	290729	290601	3.6	32.3
CAL30216.1	Scaffold06	31.373	51	35	0	963	1013	1096875	1097027	5.0	32.0
CAL30216.1	Scaffold06	29.032	62	42	2	985	1044	2523089	2523274	5.5	31.6
CAL30216.1	Scaffold06	40.741	27	16	0	953	979	807239	807319	6.4	31.6
CAL30216.1	Scaffold06	31.373	51	35	0	879	929	1096875	1097027	7.6	31.2
CAL30216.1	Scaffold06	40.741	27	16	0	827	853	807239	807319	8.2	31.2
CAL30216.1	Scaffold06	40.741	27	16	0	911	937	807239	807319	8.2	31.2
CAL30216.1	Scaffold05	33.537	164	105	3	859	1018	4247816	4247325	4.40e-18	91.3
CAL30216.1	Scaffold05	32.317	164	107	3	859	1018	3234309	3234800	6.22e-18	90.9
CAL30216.1	Scaffold05	35.333	150	87	4	861	1001	1897080	1896634	1.00e-16	86.7
CAL30216.1	Scaffold05	37.313	134	80	3	901	1030	4247816	4247415	5.69e-16	84.3
CAL30216.1	Scaffold05	28.440	218	137	4	820	1018	2395328	2394675	6.03e-16	84.3
CAL30216.1	Scaffold05	37.008	127	76	3	901	1023	3234309	3234689	1.03e-15	83.6
CAL30216.1	Scaffold05	35.461	141	83	3	903	1036	1897080	1896661	5.48e-15	81.3
CAL30216.1	Scaffold05	31.288	163	108	3	818	976	3234312	3234800	3.71e-14	78.2
CAL30216.1	Scaffold05	37.398	123	73	1	893	1011	5964553	5964921	7.65e-14	77.4
CAL30216.1	Scaffold05	36.800	125	71	2	811	927	5964547	5964921	1.60e-13	76.3
CAL30216.1	Scaffold05	40.000	110	63	2	924	1030	2395094	2394765	4.92e-13	74.7
CAL30216.1	Scaffold05	32.716	162	97	4	778	934	4247789	4247325	2.69e-12	72.4
CAL30216.1	Scaffold05	37.864	103	61	2	817	917	1896939	1896634	4.77e-12	71.2
CAL30216.1	Scaffold05	36.975	119	72	2	819	934	2395031	2394675	1.10e-11	70.1
CAL30216.1	Scaffold05	38.333	120	70	2	819	934	4061971	4061612	1.44e-11	69.7
CAL30216.1	Scaffold05	34.959	123	76	1	935	1053	5964553	5964921	1.45e-11	69.7
CAL30216.1	Scaffold05	36.937	111	67	1	911	1018	4061944	4061612	2.44e-11	68.9
CAL30216.1	Scaffold05	44.444	81	42	1	953	1030	4061944	4061702	6.03e-10	64.3
CAL30216.1	Scaffold05	31.395	86	59	0	933	1018	5962493	5962750	1.74e-09	50.8
CAL30216.1	Scaffold05	37.500	56	31	2	882	933	5962329	5962496	1.74e-09	31.6
CAL30216.1	Scaffold05	34.188	117	73	3	943	1055	3234309	3234659	2.11e-09	62.8
CAL30216.1	Scaffold05	35.043	117	72	3	943	1055	4247816	4247466	2.39e-09	62.4
CAL30216.1	Scaffold05	33.824	68	40	2	818	880	2261291	2261494	3.67e-09	41.6
CAL30216.1	Scaffold05	36.000	50	32	0	919	968	2261536	2261685	3.67e-09	39.7
CAL30216.1	Scaffold05	28.324	173	101	5	904	1055	2395328	2394816	4.58e-09	61.6
CAL30216.1	Scaffold05	33.898	118	71	2	945	1055	1897080	1896727	6.35e-09	61.2
CAL30216.1	Scaffold05	36.458	96	61	0	881	976	4061899	4061612	1.16e-08	60.1
CAL30216.1	Scaffold05	30.864	81	56	0	975	1055	5962493	5962735	3.54e-08	43.9
CAL30216.1	Scaffold05	39.286	56	30	2	924	975	5962329	5962496	3.54e-08	34.3
CAL30216.1	Scaffold05	35.714	70	45	0	941	1010	4174237	4174028	4.03e-08	44.7
CAL30216.1	Scaffold05	51.351	37	15	2	903	936	4174359	4174249	4.03e-08	33.1
CAL30216.1	Scaffold05	31.395	86	59	0	891	976	5962493	5962750	1.12e-07	48.9
CAL30216.1	Scaffold05	35.714	56	32	2	840	891	5962329	5962496	1.12e-07	27.3
CAL30216.1	Scaffold05	33.824	68	40	2	944	1006	2261291	2261494	1.28e-07	42.0
CAL30216.1	Scaffold05	30.000	50	35	0	1003	1052	2261536	2261685	1.28e-07	34.3
CAL30216.1	Scaffold05	32.051	78	53	0	857	934	4174237	4174004	1.60e-07	40.8
CAL30216.1	Scaffold05	51.351	37	15	2	819	852	4174359	4174249	1.60e-07	34.7
CAL30216.1	Scaffold05	32.353	68	41	2	902	964	2261291	2261494	2.28e-07	39.7
CAL30216.1	Scaffold05	34.000	50	33	0	961	1010	2261536	2261685	2.28e-07	35.4
CAL30216.1	Scaffold05	31.429	70	48	0	941	1010	3817745	3817954	6.56e-07	38.9
CAL30216.1	Scaffold05	38.596	57	32	2	881	934	3817557	3817727	6.56e-07	34.7
CAL30216.1	Scaffold05	41.667	48	28	0	983	1030	4174237	4174094	7.10e-07	40.4
CAL30216.1	Scaffold05	51.351	37	15	2	945	978	4174359	4174249	7.10e-07	33.1
CAL30216.1	Scaffold05	30.000	110	64	2	892	1001	1896337	1896047	7.36e-07	54.3
CAL30216.1	Scaffold05	31.034	87	58	2	850	936	1896337	1896083	1.08e-05	50.4
CAL30216.1	Scaffold05	30.556	72	50	0	899	970	3817745	3817960	1.22e-05	38.1
CAL30216.1	Scaffold05	36.842	57	33	2	839	892	3817557	3817727	1.22e-05	31.2
CAL30216.1	Scaffold05	27.500	160	72	3	820	937	5317733	5317260	1.33e-05	50.1
CAL30216.1	Scaffold05	41.667	48	28	0	899	946	4174237	4174094	1.52e-05	42.0
CAL30216.1	Scaffold05	45.946	37	17	2	861	894	4174359	4174249	1.52e-05	26.9
CAL30216.1	Scaffold05	26.875	160	73	3	862	979	5317733	5317260	2.24e-05	49.3
CAL30216.1	Scaffold05	34.615	78	49	2	817	894	1896310	1896083	3.08e-05	48.9
CAL30216.1	Scaffold05	32.558	86	58	0	849	934	5962493	5962750	3.93e-05	48.5
CAL30216.1	Scaffold05	36.697	109	61	4	923	1024	5317030	5316707	4.89e-05	48.1
CAL30216.1	Scaffold05	33.333	78	52	0	815	892	4061845	4061612	4.97e-05	48.1
CAL30216.1	Scaffold05	36.111	108	63	2	881	982	5317030	5316707	6.84e-05	47.8
CAL30216.1	Scaffold05	31.532	111	52	2	807	895	5317586	5317260	1.39e-04	47.0
CAL30216.1	Scaffold05	26.250	160	74	3	904	1021	5317733	5317260	3.41e-04	45.4
CAL30216.1	Scaffold05	35.870	92	43	3	818	893	5316958	5316683	3.41e-04	45.4
CAL30216.1	Scaffold05	30.769	78	54	0	815	892	5962517	5962750	6.85e-04	44.7
CAL30216.1	Scaffold05	27.632	152	66	3	946	1055	5317733	5317284	0.001	43.9
CAL30216.1	Scaffold05	34.286	70	46	0	815	884	4174237	4174028	0.001	43.9
CAL30216.1	Scaffold05	30.769	78	54	0	815	892	2394908	2394675	0.001	43.9
CAL30216.1	Scaffold05	38.554	83	45	2	965	1041	5317030	5316782	0.001	43.9
CAL30216.1	Scaffold05	37.879	66	38	2	812	875	1896828	1896634	0.002	43.5
CAL30216.1	Scaffold05	33.333	72	48	0	857	928	3817745	3817960	0.002	42.7
CAL30216.1	Scaffold05	29.487	78	55	0	815	892	3234567	3234800	0.005	41.6
CAL30216.1	Scaffold05	44.898	49	27	0	1007	1055	4061899	4061753	0.005	41.6
CAL30216.1	Scaffold05	34.615	78	39	2	913	978	3535675	3535908	0.006	41.6
CAL30216.1	Scaffold05	32.500	80	42	2	869	936	3535669	3535908	0.018	40.0
CAL30216.1	Scaffold05	30.000	70	49	0	815	884	3817745	3817954	0.024	39.3
CAL30216.1	Scaffold05	31.818	66	44	1	986	1050	2261291	2261488	0.025	39.3
CAL30216.1	Scaffold05	36.000	50	32	0	877	926	2261536	2261685	0.037	38.9
CAL30216.1	Scaffold05	33.333	81	42	2	826	894	3535666	3535908	0.046	38.5
CAL30216.1	Scaffold05	31.579	57	39	0	976	1032	1896337	1896167	0.11	37.4
CAL30216.1	Scaffold05	32.051	78	41	2	955	1020	3535675	3535908	0.24	36.2
CAL30216.1	Scaffold05	34.000	50	33	0	835	884	2261536	2261685	0.51	35.0
CAL30216.1	Scaffold05	32.353	68	41	2	860	922	2261291	2261494	0.52	35.0
CAL30216.1	Scaffold05	34.783	69	38	3	790	852	3535705	3535908	0.63	34.7
CAL30216.1	Scaffold05	38.596	57	32	2	965	1018	3817557	3817727	1.2	33.9
CAL30216.1	Scaffold05	38.596	57	32	2	923	976	3817557	3817727	1.8	33.1
CAL30216.1	Scaffold05	37.143	35	22	0	904	938	3536345	3536449	1.9	33.1
CAL30216.1	Scaffold05	37.143	35	22	0	820	854	3536345	3536449	2.7	32.7
CAL30216.1	Scaffold05	26.000	100	52	2	988	1067	5317733	5317440	3.1	32.3
CAL30216.1	Scaffold05	37.143	35	22	0	946	980	3536345	3536449	9.7	30.8
CAL30216.1	Scaffold11	33.537	164	105	3	859	1018	297755	298246	4.71e-18	91.3
CAL30216.1	Scaffold11	32.515	163	106	3	818	976	297758	298246	3.00e-14	78.6
CAL30216.1	Scaffold11	32.039	103	63	2	955	1050	532619	532311	1.22e-09	52.8
CAL30216.1	Scaffold11	37.143	35	22	0	902	936	532833	532729	1.22e-09	30.4
CAL30216.1	Scaffold11	27.660	188	110	7	820	982	254358	253798	2.83e-09	62.4
CAL30216.1	Scaffold11	27.128	188	111	7	862	1024	254358	253798	7.60e-08	57.4
CAL30216.1	Scaffold11	26.923	156	92	5	904	1037	254358	253891	3.55e-06	52.0
CAL30216.1	Scaffold11	31.731	104	64	2	870	966	532622	532311	1.13e-05	50.4
CAL30216.1	Scaffold11	32.039	103	63	2	829	924	532619	532311	1.99e-05	49.7
CAL30216.1	Scaffold11	33.333	78	52	0	815	892	298013	298246	1.85e-04	46.6
CAL30216.1	Scaffold11	24.823	141	80	3	823	937	2986711	2987133	5.99e-04	44.7
CAL30216.1	Scaffold11	25.532	141	79	4	907	1021	2986711	2987133	0.023	39.7
CAL30216.1	Scaffold11	31.765	85	50	3	943	1019	525717	525463	0.37	35.4
CAL30216.1	Scaffold11	35.484	62	32	3	882	935	525648	525463	0.72	34.7
CAL30216.1	Scaffold11	37.143	35	22	0	819	853	2987029	2987133	2.8	32.7
CAL30216.1	Scaffold11	26.027	73	52	1	986	1056	532833	532615	3.7	32.3
CAL30216.1	Scaffold12	31.515	165	91	5	820	962	2093448	2093942	4.01e-16	77.4
CAL30216.1	Scaffold12	36.735	49	31	0	962	1010	2093929	2094075	4.01e-16	28.1
CAL30216.1	Scaffold12	29.897	194	106	7	833	1004	2093385	2093942	1.92e-15	74.7
CAL30216.1	Scaffold12	51.852	27	13	0	1004	1030	2093929	2094009	1.92e-15	28.1
CAL30216.1	Scaffold12	35.135	111	68	3	857	963	662813	663145	2.08e-14	70.1
CAL30216.1	Scaffold12	29.630	54	38	0	965	1018	663138	663299	2.08e-14	29.3
CAL30216.1	Scaffold12	35.135	111	68	3	899	1005	662813	663145	2.87e-11	65.1
CAL30216.1	Scaffold12	45.833	24	13	0	1007	1030	663138	663209	2.87e-11	23.9
CAL30216.1	Scaffold12	30.303	165	93	5	904	1046	2093448	2093942	4.18e-11	68.2
CAL30216.1	Scaffold12	33.333	108	68	3	818	921	662822	663145	1.41e-09	57.0
CAL30216.1	Scaffold12	27.778	54	39	0	923	976	663138	663299	1.41e-09	25.8
CAL30216.1	Scaffold12	27.660	188	110	7	820	982	768270	767710	3.93e-09	61.6
CAL30216.1	Scaffold12	33.333	111	70	3	941	1047	662813	663145	5.29e-08	58.2
CAL30216.1	Scaffold12	27.128	188	111	7	862	1024	768270	767710	9.70e-08	57.4
CAL30216.1	Scaffold12	28.387	155	79	6	820	942	1005290	1004826	3.83e-06	52.0
CAL30216.1	Scaffold12	26.923	156	92	5	904	1037	768270	767803	4.60e-06	51.6
CAL30216.1	Scaffold12	42.857	49	28	0	933	981	1004889	1004743	6.13e-05	48.1
CAL30216.1	Scaffold12	42.857	49	28	0	891	939	1004889	1004743	7.08e-05	47.8
CAL30216.1	Scaffold12	42.857	49	28	0	975	1023	1004889	1004743	8.88e-05	47.4
CAL30216.1	Scaffold12	42.857	49	28	0	849	897	1004889	1004743	9.11e-05	47.4
CAL30216.1	Scaffold12	27.742	155	80	6	862	984	1005290	1004826	2.08e-04	46.2
CAL30216.1	Scaffold12	25.342	146	101	3	846	983	68646	69083	0.001	43.5
CAL30216.1	Scaffold12	43.902	41	23	0	815	855	1004865	1004743	0.004	42.0
CAL30216.1	Scaffold12	26.829	123	82	3	827	941	52690	53058	0.004	42.0
CAL30216.1	Scaffold12	26.829	123	82	3	911	1025	68715	69083	0.005	42.0
CAL30216.1	Scaffold12	26.016	123	83	3	911	1025	52690	53058	0.008	41.2
CAL30216.1	Scaffold12	25.203	123	84	3	911	1025	44564	44932	0.018	40.0
CAL30216.1	Scaffold12	25.000	148	90	5	946	1072	1005290	1004847	0.093	37.4
CAL30216.1	Scaffold12	21.951	164	98	7	902	1054	636708	637142	0.12	37.4
CAL30216.1	Scaffold12	25.000	72	52	1	951	1020	1456476	1456261	0.84	34.3
CAL30216.1	Scaffold12	38.462	39	24	0	1017	1055	1004889	1004773	5.2	31.6
CAL30216.1	Scaffold12	21.512	172	106	6	818	960	44813	45328	8.7	31.2
CAL30216.1	Scaffold09	36.170	141	86	2	882	1018	302685	302263	2.74e-14	79.0
CAL30216.1	Scaffold09	41.441	111	61	2	924	1030	302685	302353	5.44e-13	74.3
CAL30216.1	Scaffold09	34.752	141	88	2	840	976	302685	302263	1.67e-11	69.7
CAL30216.1	Scaffold09	39.024	123	65	5	819	934	302622	302263	3.69e-11	68.6
CAL30216.1	Scaffold09	37.500	96	60	0	923	1018	1324170	1324457	2.49e-10	65.9
CAL30216.1	Scaffold09	36.170	94	57	2	914	1004	1697076	1696795	6.45e-10	59.3
CAL30216.1	Scaffold09	44.828	29	15	1	1007	1034	1696799	1696713	6.45e-10	25.0
CAL30216.1	Scaffold09	38.542	96	59	0	839	934	1324170	1324457	9.18e-10	63.9
CAL30216.1	Scaffold09	36.170	94	57	2	872	962	1697076	1696795	1.40e-09	60.5
CAL30216.1	Scaffold09	47.059	17	9	0	965	981	1696799	1696749	1.40e-09	22.3
CAL30216.1	Scaffold09	46.970	66	35	0	965	1030	1324170	1324367	7.15e-09	60.8
CAL30216.1	Scaffold09	36.458	96	61	0	881	976	1324170	1324457	1.16e-08	60.1
CAL30216.1	Scaffold09	28.767	146	82	5	830	953	308373	308810	2.71e-07	55.8
CAL30216.1	Scaffold09	34.043	94	59	2	830	920	1697076	1696795	2.83e-07	52.4
CAL30216.1	Scaffold09	47.059	17	9	0	923	939	1696799	1696749	2.83e-07	22.3
CAL30216.1	Scaffold09	25.683	183	106	7	831	991	308274	308798	6.84e-07	50.4
CAL30216.1	Scaffold09	52.632	19	9	0	999	1017	308818	308874	6.84e-07	23.1
CAL30216.1	Scaffold09	34.043	94	59	2	956	1046	1697076	1696795	1.03e-06	53.9
CAL30216.1	Scaffold09	42.857	63	33	2	819	878	1696983	1696795	2.15e-06	47.4
CAL30216.1	Scaffold09	52.941	17	8	0	881	897	1696799	1696749	2.15e-06	24.6
CAL30216.1	Scaffold09	28.743	167	93	7	914	1055	308373	308870	5.05e-06	51.6
CAL30216.1	Scaffold09	38.298	94	54	2	966	1055	302685	302404	6.02e-06	51.2
CAL30216.1	Scaffold09	33.333	78	52	0	815	892	1324224	1324457	4.97e-05	48.1
CAL30216.1	Scaffold09	34.921	63	41	0	919	981	2806930	2807118	6.73e-05	47.8
CAL30216.1	Scaffold09	32.927	82	47	2	815	892	302496	302263	9.42e-05	47.4
CAL30216.1	Scaffold09	40.000	50	30	0	919	968	513270	513419	1.23e-04	47.0
CAL30216.1	Scaffold09	33.333	66	41	1	961	1023	513270	513467	1.68e-04	46.6
CAL30216.1	Scaffold09	34.921	63	41	0	961	1023	2806930	2807118	1.89e-04	46.2
CAL30216.1	Scaffold09	33.333	66	41	1	835	897	513270	513467	1.99e-04	46.2
CAL30216.1	Scaffold09	39.062	64	37	1	909	970	225348	225539	2.04e-04	46.2
CAL30216.1	Scaffold09	34.921	63	41	0	835	897	2806930	2807118	2.15e-04	46.2
CAL30216.1	Scaffold09	33.333	63	42	0	877	939	2806930	2807118	8.60e-04	44.3
CAL30216.1	Scaffold09	40.984	61	33	2	819	876	225327	225509	0.001	43.9
CAL30216.1	Scaffold09	38.000	50	31	0	877	926	513270	513419	0.001	43.9
CAL30216.1	Scaffold09	43.548	62	31	2	819	876	3864220	3864035	0.001	43.5
CAL30216.1	Scaffold09	40.741	54	30	1	951	1002	225348	225509	0.002	42.7
CAL30216.1	Scaffold09	41.935	62	32	2	903	960	3864220	3864035	0.003	42.4
CAL30216.1	Scaffold09	44.898	49	27	0	1007	1055	1324170	1324316	0.005	41.6
CAL30216.1	Scaffold09	43.396	53	27	1	953	1002	3864193	3864035	0.007	41.2
CAL30216.1	Scaffold09	38.000	50	31	0	1003	1052	513270	513419	0.007	41.2
CAL30216.1	Scaffold09	36.538	52	33	0	877	928	225384	225539	0.023	39.7
CAL30216.1	Scaffold09	36.585	41	26	0	815	855	2806996	2807118	0.083	37.7
CAL30216.1	Scaffold09	43.590	39	22	0	880	918	3864151	3864035	0.20	36.6
CAL30216.1	Scaffold09	38.298	47	27	1	993	1037	225348	225488	0.61	34.7
CAL30216.1	Scaffold09	41.304	46	24	1	995	1037	3864193	3864056	1.9	33.1
CAL30216.1	Scaffold07	31.395	86	59	0	933	1018	4095770	4095513	7.48e-12	52.0
CAL30216.1	Scaffold07	31.646	79	43	3	859	933	4095982	4095767	7.48e-12	38.9
CAL30216.1	Scaffold07	40.816	49	29	0	975	1023	4095770	4095624	8.32e-09	45.1
CAL30216.1	Scaffold07	31.646	79	43	3	901	975	4095982	4095767	8.32e-09	35.4
CAL30216.1	Scaffold07	31.395	86	59	0	891	976	4095770	4095513	9.56e-08	49.7
CAL30216.1	Scaffold07	29.487	78	44	3	818	891	4095979	4095767	9.56e-08	26.6
CAL30216.1	Scaffold07	32.558	86	58	0	849	934	4095770	4095513	1.96e-05	49.7
CAL30216.1	Scaffold07	32.051	78	53	0	815	892	4095746	4095513	2.36e-04	46.2
CAL30216.1	Scaffold07	38.462	39	24	0	1017	1055	4095770	4095654	0.004	33.9
CAL30216.1	Scaffold07	29.114	79	45	3	943	1017	4095982	4095767	0.004	26.2
CAL30216.1	Scaffold07	36.364	66	33	2	875	940	1885079	1884909	0.11	37.4
CAL30216.1	Scaffold07	40.000	50	29	1	1001	1050	1885079	1884933	0.44	35.4
CAL30216.1	Scaffold07	40.000	60	34	2	818	877	1885121	1884948	0.90	34.3
CAL30216.1	Scaffold07	33.333	66	35	2	917	982	1885079	1884909	1.0	33.9
CAL30216.1	Scaffold07	22.857	70	53	1	871	939	2905572	2905781	1.3	33.5
CAL30216.1	Scaffold07	40.000	45	26	1	959	1003	1885079	1884948	1.4	33.5
CAL30216.1	Scaffold07	24.658	73	54	1	826	897	2905563	2905781	1.4	33.5
CAL30216.1	Scaffold07	24.286	70	52	1	955	1023	2905572	2905781	2.3	32.7
CAL30216.1	Scaffold07	22.857	70	53	1	913	981	2905572	2905781	3.5	32.3
CAL30216.1	Scaffold07	24.468	94	65	2	782	872	1885489	1885217	3.8	32.3
CAL30216.1	Scaffold07	27.451	51	37	0	948	998	1885369	1885217	7.9	31.2
CAL30216.1	Scaffold08	40.964	83	45	1	820	898	2795000	2795248	2.76e-10	57.8
CAL30216.1	Scaffold08	50.000	26	13	0	909	934	2795268	2795345	2.76e-10	27.7
CAL30216.1	Scaffold08	40.964	83	45	1	862	940	2795000	2795248	6.38e-10	56.6
CAL30216.1	Scaffold08	50.000	26	13	0	951	976	2795268	2795345	6.38e-10	27.7
CAL30216.1	Scaffold08	23.047	256	149	5	814	1021	1135886	1135119	7.66e-08	57.4
CAL30216.1	Scaffold08	22.222	261	155	4	840	1052	1135934	1135152	8.69e-08	57.4
CAL30216.1	Scaffold08	40.964	83	45	1	946	1024	2795000	2795248	1.15e-07	57.0
CAL30216.1	Scaffold08	32.558	86	55	1	808	893	1624651	1624403	7.53e-07	47.8
CAL30216.1	Scaffold08	23.188	69	35	1	911	961	1624286	1624080	7.53e-07	25.8
CAL30216.1	Scaffold08	28.188	149	86	5	862	989	2791933	2792379	1.22e-05	50.4
CAL30216.1	Scaffold08	24.691	162	86	4	868	994	1135559	1135077	1.40e-05	50.1
CAL30216.1	Scaffold08	30.233	86	60	0	933	1018	2792334	2792591	1.75e-05	49.7
CAL30216.1	Scaffold08	41.667	72	38	1	988	1055	2795000	2795215	6.03e-05	48.1
CAL30216.1	Scaffold08	31.395	86	59	0	849	934	2792334	2792591	6.29e-05	48.1
CAL30216.1	Scaffold08	30.233	86	60	0	891	976	2792334	2792591	1.14e-04	47.0
CAL30216.1	Scaffold08	22.656	128	98	1	931	1058	927882	928262	1.47e-04	37.4
CAL30216.1	Scaffold08	36.957	46	26	2	887	929	927749	927886	1.47e-04	28.1
CAL30216.1	Scaffold08	23.671	207	123	5	882	1055	1135934	1135320	2.34e-04	46.2
CAL30216.1	Scaffold08	29.787	94	63	1	842	935	1624675	1624403	3.06e-04	45.8
CAL30216.1	Scaffold08	26.087	161	98	5	904	1043	2791933	2792415	4.28e-04	45.1
CAL30216.1	Scaffold08	30.380	79	55	0	941	1019	1624639	1624403	6.09e-04	44.7
CAL30216.1	Scaffold08	39.286	56	34	0	975	1030	2792334	2792501	6.40e-04	44.7
CAL30216.1	Scaffold08	30.769	78	54	0	815	892	2792358	2792591	0.001	43.5
CAL30216.1	Scaffold08	31.111	90	62	0	983	1072	1624639	1624370	0.002	43.5
CAL30216.1	Scaffold08	32.727	55	37	0	917	971	1623560	1623396	0.028	37.7
CAL30216.1	Scaffold08	32.759	58	31	2	856	905	1623822	1623649	0.028	19.6
CAL30216.1	Scaffold08	32.222	90	57	3	820	905	2792110	2792379	0.029	39.3
CAL30216.1	Scaffold08	23.913	138	75	4	946	1053	2791933	2792346	0.069	38.1
CAL30216.1	Scaffold08	30.909	55	38	0	1001	1055	1623560	1623396	0.082	37.7
CAL30216.1	Scaffold08	34.545	55	36	0	875	929	1623560	1623396	0.098	37.4
CAL30216.1	Scaffold08	31.034	58	40	0	889	946	927882	928055	0.13	33.9
CAL30216.1	Scaffold08	39.394	33	19	1	845	876	927749	927847	0.13	21.2
CAL30216.1	Scaffold08	27.586	116	77	1	813	928	927801	928127	0.13	37.0
CAL30216.1	Scaffold08	29.508	61	43	0	833	893	1623560	1623378	0.29	35.8
CAL30216.1	Scaffold08	27.869	61	44	0	959	1019	1623560	1623378	0.94	34.3
CAL30216.1	Scaffold08	34.545	55	33	1	520	574	550259	550104	6.0	31.6
